Criando vetor com jogos
Vetor com jogos criado
1 2 3 4 5 6 7 8 9 11 17 19 20 23 24 2637
1 2 3 4 5 6 7 8 9 11 18 19 20 22 24 2719
1 2 3 4 5 6 7 8 9 11 18 19 20 23 24 2803
1 2 3 4 5 6 7 8 9 12 17 19 20 23 24 2873
1 2 3 4 5 6 7 8 9 15 17 19 20 22 24 2901
1 2 3 4 5 6 7 8 9 15 17 19 20 23 24 2907
1 2 3 4 5 6 7 8 10 15 17 18 19 20 24 3251
1 2 3 4 5 6 7 8 11 14 17 18 19 20 24 3376
1 2 3 4 5 6 7 8 11 15 16 18 19 20 24 3584
1 2 3 4 5 6 7 8 11 16 17 18 20 23 24 3679
1 2 3 4 5 6 7 8 11 16 18 19 20 22 23 3707
1 2 3 4 5 6 7 8 11 16 18 19 20 23 24 3781
1 2 3 4 5 6 7 8 12 16 17 19 20 23 24 3827
1 2 3 4 5 6 7 8 12 17 18 19 20 22 23 3862
1 2 3 4 5 6 7 8 12 17 18 19 20 23 24 3902
1 2 3 4 5 6 7 8 15 16 17 19 20 23 24 3913
1 2 3 4 5 6 7 9 13 16 17 18 20 23 24 3933
1 2 3 4 5 6 7 9 13 16 18 19 20 23 24 3985
1 2 3 4 5 6 7 10 15 16 17 19 20 21 24 3993
1 2 3 4 5 6 7 11 12 16 17 18 20 23 24 4028
1 2 3 4 5 6 7 11 12 16 17 19 20 21 24 4142
1 2 3 4 5 6 7 11 12 17 18 19 20 21 24 4144
1 2 3 4 5 6 7 11 14 16 18 19 20 21 24 4158
1 2 3 4 5 6 7 11 15 16 17 18 19 20 24 4170
1 2 3 4 5 6 7 11 15 16 17 18 20 23 24 4172
1 2 3 4 5 6 7 11 15 16 17 19 20 21 24 4225
1 2 3 4 5 6 7 12 15 16 17 19 20 22 24 4240
1 2 3 4 5 6 7 12 15 16 17 19 20 23 24 4256
1 2 3 4 5 6 7 13 15 16 17 18 20 23 24 4272
1 2 3 4 5 6 7 13 15 16 18 19 20 23 24 4298
1 2 3 4 5 6 7 15 16 17 18 19 20 21 24 4301
1 2 3 4 5 6 7 15 16 17 18 19 20 22 24 4329
1 2 3 4 5 6 7 15 16 17 18 19 20 23 24 4347
1 2 3 4 5 6 8 15 16 17 18 19 20 22 23 4365
1 2 3 4 5 6 8 15 16 17 18 19 20 23 24 4425
1 2 3 4 5 6 10 15 16 17 18 19 20 23 24 4456
1 2 3 4 5 6 11 12 16 17 18 19 20 21 24 4500
1 2 3 4 5 6 11 12 16 17 18 19 20 23 24 4505
1 2 3 4 5 6 11 14 16 17 18 19 20 21 22 4522
1 2 3 4 5 6 11 14 16 17 18 19 20 21 24 4578
1 2 3 4 5 6 11 15 16 17 18 19 20 21 24 4590
1 2 3 4 5 6 11 15 16 17 18 19 20 22 24 4595
1 2 3 4 5 6 12 15 16 17 18 19 20 23 24 4596
1 2 3 4 5 6 13 15 16 17 18 19 20 22 23 4600
1 2 3 4 5 6 13 15 16 17 18 19 20 22 24 4638
1 2 3 4 5 8 12 15 16 17 18 19 20 23 24 4665
1 2 3 4 5 10 12 15 16 17 18 19 20 23 24 4674
1 2 3 4 6 10 13 15 16 17 18 19 20 22 23 4676
1 2 3 4 6 10 13 15 16 17 18 19 20 23 24 4705
1 2 3 4 10 11 12 13 16 17 18 19 20 21 24 4721
1 2 3 4 10 12 13 15 16 17 18 19 20 23 24 4733
1 2 3 5 10 11 12 14 16 17 18 19 20 21 22 4739
1 2 3 5 10 11 12 14 16 17 18 19 20 21 24 4766
1 2 4 5 7 11 12 15 16 17 18 19 20 21 24 4785
