Criando vetor com jogos
Vetor com jogos criado
JOGOS SORTEADOS
42232 - 1 2 3 4 5 6 9 12 16 18 19 20 21 23 25 
211858 - 1 2 3 4 11 13 14 16 17 19 20 21 22 23 24 
616882 - 1 2 5 6 7 8 9 10 12 13 15 20 21 22 25 
653240 - 1 2 5 6 8 9 11 12 14 15 16 17 18 22 24 
999254 - 1 3 5 6 8 9 10 11 12 13 14 15 19 20 24 
1069130 - 1 3 6 7 8 9 12 13 14 15 17 18 19 24 25 
1405442 - 2 3 4 5 7 9 10 12 15 16 17 18 20 22 23 
1571641 - 2 3 5 8 11 12 13 14 15 16 17 18 19 20 24 
1795164 - 2 6 8 10 11 12 15 16 17 18 19 20 21 22 24 
2037077 - 4 5 7 8 9 10 12 14 15 16 19 20 22 23 25 

